[general]
temp-day=6500
temp-night=4000
brightness-day=1.0
brightness-night=0.8

[manual]
lat=37.983810
lon=23.727539
